   6     4     3
1 x + 1 x + 1 x + 1 x + 1
------------------------------------------------------------------------------------------------------------------------------------------------------------------------------------------------------
Message: [32, 42, 3, 28, 14, 42, 62, 7, 1, 37, 10, 17, 53, 59, 16, 45, 12, 51, 57, 38, 58, 14, 17, 11, 3, 60, 16, 10, 42, 27, 16, 10, 34, 21, 16, 54, 54, 53, 35, 51, 23, 43, 51, 5, 8, 7, 30, 51, 38, 13, 24, 24, 12]

Locators: [63, 28, 8, 16, 21, 0, 41, 39, 33, 37, 52, 27, 7, 10, 24, 63, 16, 52, 14, 32, 15, 52, 41, 28, 9, 23, 0, 51, 10, 31, 16, 10, 4, 38, 40, 36, 54, 63, 42, 37, 45, 54, 59, 0, 31, 7, 28, 59, 13, 47, 35, 3, 18, 27, 12, 51, 42, 52, 50, 12, 3, 30, 17]

Multipliers: [1, 1, 1, 1, 1, 1, 1, 1, 1, 1, 1, 1, 1, 1, 1, 1, 1, 1, 1, 1, 1, 1, 1, 1, 1, 1, 1, 1, 1, 1, 1, 1, 1, 1, 1, 1, 1, 1, 1, 1, 1, 1, 1, 1, 1, 1, 1, 1, 1, 1, 1, 1, 1, 1, 1, 1, 1, 1, 1, 1, 1, 1, 1]

------------------------------------------------------------------------------------------------------------------------------------------------------------------------------------------------------
successfully built additive_inverses
successfully built multiplicative inverses
successfully built addition_table
successfully built multiplication_table
successfully built subtract_table
successfully built divide_table
successfully built power_table

Codeword: [17, 39, 38, 50, 55, 32, 34, 60, 21, 22, 42, 23, 56, 4, 24, 17, 50, 42, 8, 20, 10, 42, 34, 39, 8, 45, 32, 16, 4, 49, 50, 4, 8, 41, 8, 38, 43, 17, 11, 22, 26, 43, 26, 32, 49, 56, 39, 26, 45, 44, 21, 54, 45, 23, 23, 16, 11, 42, 22, 23, 54, 29, 45]

------------------------------------------------------------------------------------------------------------------------------------------------------------------------------------------------------

Polynomial view of : [(0, 1, 0, 0, 0, 1), (1, 0, 0, 1, 1, 1), (1, 0, 0, 1, 1, 0), (1, 1, 0, 0, 1, 0), (1, 1, 0, 1, 1, 1), (1, 0, 0, 0, 0, 0), (1, 0, 0, 0, 1, 0), (1, 1, 1, 1, 0, 0), (0, 1, 0, 1, 0, 1), (0, 1, 0, 1, 1, 0), (1, 0, 1, 0, 1, 0), (0, 1, 0, 1, 1, 1), (1, 1, 1, 0, 0, 0), (0, 0, 0, 1, 0, 0), (0, 1, 1, 0, 0, 0), (0, 1, 0, 0, 0, 1), (1, 1, 0, 0, 1, 0), (1, 0, 1, 0, 1, 0), (0, 0, 1, 0, 0, 0), (0, 1, 0, 1, 0, 0), (0, 0, 1, 0, 1, 0), (1, 0, 1, 0, 1, 0), (1, 0, 0, 0, 1, 0), (1, 0, 0, 1, 1, 1), (0, 0, 1, 0, 0, 0), (1, 0, 1, 1, 0, 1), (1, 0, 0, 0, 0, 0), (0, 1, 0, 0, 0, 0), (0, 0, 0, 1, 0, 0), (1, 1, 0, 0, 0, 1), (1, 1, 0, 0, 1, 0), (0, 0, 0, 1, 0, 0), (0, 0, 1, 0, 0, 0), (1, 0, 1, 0, 0, 1), (0, 0, 1, 0, 0, 0), (1, 0, 0, 1, 1, 0), (1, 0, 1, 0, 1, 1), (0, 1, 0, 0, 0, 1), (0, 0, 1, 0, 1, 1), (0, 1, 0, 1, 1, 0), (0, 1, 1, 0, 1, 0), (1, 0, 1, 0, 1, 1), (0, 1, 1, 0, 1, 0), (1, 0, 0, 0, 0, 0), (1, 1, 0, 0, 0, 1), (1, 1, 1, 0, 0, 0), (1, 0, 0, 1, 1, 1), (0, 1, 1, 0, 1, 0), (1, 0, 1, 1, 0, 1), (1, 0, 1, 1, 0, 0), (0, 1, 0, 1, 0, 1), (1, 1, 0, 1, 1, 0), (1, 0, 1, 1, 0, 1), (0, 1, 0, 1, 1, 1), (0, 1, 0, 1, 1, 1), (0, 1, 0, 0, 0, 0), (0, 0, 1, 0, 1, 1), (1, 0, 1, 0, 1, 0), (0, 1, 0, 1, 1, 0), (0, 1, 0, 1, 1, 1), (1, 1, 0, 1, 1, 0), (0, 1, 1, 1, 0, 1), (1, 0, 1, 1, 0, 1)]