V1858
Fieldsize: 7
Locators: [1, 2, 3, 4, 5, 6, 3, 8, 5, 10, 8]
Multipliers: [1, 2, 3, 4, 5, 6, 3, 8, 5, 10, 8]
-----------------------------------------------
U5026
Fieldsize: 6
Locators: [121, 45, 66, 140, 135, 237, 184, 146, 119, 171, 226, 102, 100, 212, 86, 94, 187, 88, 125, 211, 64, 91, 120, 52, 80, 141, 111, 209, 157, 214, 95, 26, 98, 121, 139, 51, 68, 87, 117, 60, 83, 169, 88, 48, 58, 74, 104, 76, 163, 3, 7, 177, 155, 80, 102, 131, 0, 46, 213, 74, 74, 89, 135]
Multipliers: [122, 91, 61, 143, 23, 7, 27, 185, 70, 88, 166, 234, 45, 74, 109, 128, 84, 184, 32, 106, 166, 37, 203, 196, 147, 137, 179, 238, 193, 53, 102, 154, 14, 200, 210, 113, 16, 16, 9, 186, 177, 242, 232, 141, 153, 161, 210, 156, 191, 54, 165, 52, 179, 232, 232, 128, 192, 228, 36, 50, 191, 101, 65]
-----------------------------------------------
O5297
Fieldsize: 7
Locators: [1, 2, 3, 4, 5, 6, 3, 8, 5, 10, 8]
Multipliers: [1, 2, 3, 4, 5, 6, 3, 8, 5, 10, 8]
-----------------------------------------------
O5035
Fieldsize: 7
Locators: [1, 2, 3, 4, 5, 6, 3, 8, 5, 10, 8]
Multipliers: [1, 2, 3, 4, 5, 6, 3, 8, 5, 10, 8]
Codeword: [6, 6, 4, 4, 3, 5, 4, 6, 3, 4, 6]
-----------------------------------------------
I6987
Fieldsize: 7
Locators: [1, 2, 3, 4, 5, 6, 3, 8, 5, 10, 8]
Multipliers: [1, 2, 3, 4, 5, 6, 3, 8, 5, 10, 8]
-----------------------------------------------
V2991
Fieldsize: 7
Locators: [1, 2, 3, 4, 5, 6, 3, 8, 5, 10, 8]
Multipliers: [1, 1, 1, 1, 1, 1, 1, 1, 1, 1, 1]
-----------------------------------------------
K8229
Fieldsize: 7
Locators: [1, 2, 3, 4, 5, 6, 3, 8, 5, 10, 8]
Multipliers: [1, 1, 1, 1, 1, 1, 1, 1, 1, 1, 1]
-----------------------------------------------
I1271
Fieldsize: 7
Locators: [1, 2, 3, 4, 5, 6, 3, 8, 5, 10, 8]
Multipliers: [1, 1, 1, 1, 1, 1, 1, 1, 1, 1, 1]
-----------------------------------------------
U7174
Fieldsize: 7
Locators: [1, 2, 3, 4, 5, 6, 3, 8, 5, 10, 8]
Multipliers: [1, 1, 1, 1, 1, 1, 1, 1, 1, 1, 1]
-----------------------------------------------
A4451
Fieldsize: 7
Locators: [1, 2, 3, 4, 5, 6, 3, 8, 5, 10, 8]
Multipliers: [1, 1, 1, 1, 1, 1, 1, 1, 1, 1, 1]
-----------------------------------------------
X4895
Fieldsize: 7
Locators: [1, 2, 3, 4, 5, 6, 3, 8, 5, 10, 8]
Multipliers: [1, 1, 1, 1, 1, 1, 1, 1, 1, 1, 1]
-----------------------------------------------

Q4649
Fieldsize: 7
Locators: [1, 2, 3, 4, 5, 6, 3]
Multipliers: [1, 1, 1, 1, 1, 1, 1]
-----------------------------------------------
Y6767
Fieldsize: 7
Locators: [1, 2, 3, 4, 5, 6, 3]
Multipliers: [1, 1, 1, 1, 1, 1, 1]
-----------------------------------------------
V5623
Fieldsize: 7
Locators: [1, 2, 3, 4, 5, 6, 3]
Multipliers: [1, 1, 1, 1, 1, 1, 1]
-----------------------------------------------
S6419
Fieldsize: 7
Locators: [1, 2, 3, 4, 5, 6]
Multipliers: [1, 1, 1, 1, 1, 1]
-----------------------------------------------
L3109
Fieldsize: 7
Locators: [1, 2, 3, 4, 5, 6]
Multipliers: [1, 1, 1, 1, 1, 1]
-----------------------------------------------
F7125
Fieldsize: 7
Locators: [1, 1, 2, 3, 4, 5, 6]
Multipliers: [1, 1, 1, 1, 1, 1, 1]
-----------------------------------------------
T8534
Fieldsize: 11
Locators: [1, 1, 2, 3, 4, 5, 6]
Multipliers: [1, 1, 1, 1, 1, 1, 1]
-----------------------------------------------
M5792
Fieldsize: 11
Locators: [1, 1, 2, 3, 4, 5, 6]
Multipliers: [1, 1, 1, 1, 1, 1, 1]
-----------------------------------------------
X8771
Fieldsize: 11
Locators: [1, 1, 2, 3, 4, 5, 6]
Multipliers: [1, 1, 1, 1, 1, 1, 1]
-----------------------------------------------
W7370
Fieldsize: 11
Locators: [1, 1, 2, 3, 4, 5, 6]
Multipliers: [1, 1, 1, 1, 1, 1, 1]
-----------------------------------------------
I6951
Fieldsize: 11
Locators: [1, 1, 2, 3, 4, 5, 6]
Multipliers: [1, 1, 1, 1, 1, 1, 1]
-----------------------------------------------
O2214
Fieldsize: 11
Locators: [1, 1, 2, 3, 4, 5, 6]
Multipliers: [1, 1, 1, 1, 1, 1, 1]
-----------------------------------------------
H3093
Fieldsize: 7
Locators: [1, 2, 3, 4, 5, 6]
Multipliers: [1, 1, 1, 1, 1, 1]
-----------------------------------------------
U3804
Fieldsize: 7
Locators: [1, 2, 3, 4, 5, 6]
Multipliers: [1, 1, 1, 1, 1, 1]
-----------------------------------------------
Q7400
Fieldsize: 7
Locators: [1, 2, 3, 4, 5, 6]
Multipliers: [1, 1, 1, 1, 1, 1]
-----------------------------------------------
G6696
Fieldsize: 7
Locators: [1, 2, 3, 4, 5, 6]
Multipliers: [1, 1, 1, 1, 1, 1]
-----------------------------------------------
Y4911
Fieldsize: 7
Locators: [1, 2, 3, 4, 5, 6]
Multipliers: [1, 1, 1, 1, 1, 1]
-----------------------------------------------
S6051
Fieldsize: 7
Locators: [1, 2, 3, 4, 5, 6]
Multipliers: [1, 1, 1, 1, 1, 1]
-----------------------------------------------
X7128
Fieldsize: 7
Locators: [1, 2, 3, 4, 5, 6]
Multipliers: [1, 1, 1, 1, 1, 1]
-----------------------------------------------
O6389
Fieldsize: 7
Locators: [1, 2, 3, 4, 5, 6]
Multipliers: [1, 1, 1, 1, 1, 1]
-----------------------------------------------
M1763
Fieldsize: 7
Locators: [1, 2, 3, 4, 5, 6]
Multipliers: [1, 1, 1, 1, 1, 1]
-----------------------------------------------
V7411
Fieldsize: 7
Locators: [1, 2, 3, 4, 5, 6]
Multipliers: [1, 1, 1, 1, 1, 1]
-----------------------------------------------
L6902
Fieldsize: 7
Locators: [1, 2, 3, 4, 5, 6]
Multipliers: [1, 1, 1, 1, 1, 1]
-----------------------------------------------
E7437
Fieldsize: 7
Locators: [1, 2, 3, 4, 5, 6]
Multipliers: [1, 1, 1, 1, 1, 1]
-----------------------------------------------
V5743
Fieldsize: 7
Locators: [1, 2, 3, 4, 5, 6]
Multipliers: [1, 1, 1, 1, 1, 1]
-----------------------------------------------
Q1793
Fieldsize: 7
Locators: [1, 2, 3, 4, 5, 6]
Multipliers: [1, 1, 1, 1, 1, 1]
-----------------------------------------------
V8425
Fieldsize: 7
Locators: [1, 2, 3, 4, 5, 6]
Multipliers: [1, 1, 1, 1, 1, 1]
-----------------------------------------------
P1969
Fieldsize: 7
Locators: [1, 2, 3, 4, 5, 6]
Multipliers: [1, 1, 1, 1, 1, 1]
-----------------------------------------------
A6268
Fieldsize: 7
Locators: [1, 2, 3, 4, 5, 6]
Multipliers: [1, 1, 1, 1, 1, 1]
-----------------------------------------------
C5608
Fieldsize: 7
Locators: [1, 2, 3, 4, 5, 6]
Multipliers: [1, 1, 1, 1, 1, 1]
-----------------------------------------------
I2215
Fieldsize: 7
Locators: [1, 2, 3, 4, 5, 6]
Multipliers: [1, 1, 1, 1, 1, 1]
-----------------------------------------------
C2179
Fieldsize: 7
Locators: [1, 2, 3, 4, 5, 6]
Multipliers: [1, 1, 1, 1, 1, 1]
-----------------------------------------------
W8448
Fieldsize: 7
Locators: [1, 2, 3, 4, 5, 6]
Multipliers: [1, 1, 1, 1, 1, 1]
-----------------------------------------------
B5356
Fieldsize: 7
Locators: [1, 2, 3, 4, 5, 6]
Multipliers: [1, 1, 1, 1, 1, 1]
-----------------------------------------------
O5330
Fieldsize: 7
Locators: [1, 2, 3, 4, 5, 6]
Multipliers: [1, 1, 1, 1, 1, 1]
-----------------------------------------------
V1619
Fieldsize: 7
Locators: [1, 2, 3, 4, 5, 6]
Multipliers: [1, 1, 1, 1, 1, 1]
-----------------------------------------------
Z2481
Fieldsize: 7
Locators: [1, 2, 3, 4, 5, 6]
Multipliers: [1, 1, 1, 1, 1, 1]
-----------------------------------------------
Y6197
Fieldsize: 7
Locators: [1, 2, 3, 4, 5, 6]
Multipliers: [1, 1, 1, 1, 1, 1]
-----------------------------------------------
X4007
Fieldsize: 7
Locators: [1, 2, 3, 4, 5, 6]
Multipliers: [1, 1, 1, 1, 1, 1]
-----------------------------------------------
F3015
Fieldsize: 7
Locators: [1, 2, 3, 4, 5, 6]
Multipliers: [1, 1, 1, 1, 1, 1]
-----------------------------------------------
O1691
Fieldsize: 7
Locators: [1, 2, 3, 4, 5, 6]
Multipliers: [1, 1, 1, 1, 1, 1]
-----------------------------------------------
B6141
Fieldsize: 7
Locators: [1, 2, 3, 4, 5, 6]
Multipliers: [1, 1, 1, 1, 1, 1]
-----------------------------------------------
D6674
Fieldsize: 7
Locators: [1, 2, 3, 4, 5, 6]
Multipliers: [1, 1, 1, 1, 1, 1]
-----------------------------------------------
Y4576
Fieldsize: 7
Locators: [1, 2, 3, 4, 5, 6]
Multipliers: [1, 1, 1, 1, 1, 1]
-----------------------------------------------
P4085
Fieldsize: 7
Locators: [1, 2, 3, 4, 5, 6]
Multipliers: [1, 1, 1, 1, 1, 1]
-----------------------------------------------
M7410
Fieldsize: 7
Locators: [1, 2, 3, 4, 5, 6]
Multipliers: [1, 1, 1, 1, 1, 1]
-----------------------------------------------
Q1932
Fieldsize: 7
Locators: [1, 2, 3, 4, 5, 6]
Multipliers: [1, 1, 1, 1, 1, 1]
-----------------------------------------------
M2806
Fieldsize: 7
Locators: [1, 2, 3, 4, 5, 6]
Multipliers: [1, 1, 1, 1, 1, 1]
-----------------------------------------------
O2590
Fieldsize: 7
Locators: [1, 2, 3, 4, 5, 6]
Multipliers: [1, 1, 1, 1, 1, 1]
-----------------------------------------------
K6309
Fieldsize: 7
Locators: [1, 2, 3, 4, 5, 6]
Multipliers: [1, 1, 1, 1, 1, 1]
-----------------------------------------------
F4189
Fieldsize: 7
Locators: [1, 2, 3, 4, 5, 6]
Multipliers: [1, 1, 1, 1, 1, 1]
-----------------------------------------------
V7517
Fieldsize: 7
Locators: [1, 2, 3, 4, 5, 6]
Multipliers: [1, 1, 1, 1, 1, 1]
-----------------------------------------------
G6903
Fieldsize: 7
Locators: [1, 2, 3, 4, 5, 6]
Multipliers: [1, 1, 1, 1, 1, 1]
-----------------------------------------------
D6882
Fieldsize: 7
Locators: [1, 2, 3, 4, 5, 6]
Multipliers: [1, 1, 1, 1, 1, 1]
-----------------------------------------------
X4729
Fieldsize: 7
Locators: [1, 2, 3, 4, 5, 6]
Multipliers: [1, 1, 1, 1, 1, 1]
-----------------------------------------------
O8959
Fieldsize: 7
Locators: [1, 2, 3, 4, 5, 6]
Multipliers: [1, 1, 1, 1, 1, 1]
-----------------------------------------------
O3987
Fieldsize: 7
Locators: [1, 2, 3, 4, 5, 6]
Multipliers: [1, 1, 1, 1, 1, 1]
-----------------------------------------------
S5404
Fieldsize: 7
Locators: [1, 2, 3, 4, 5, 6]
Multipliers: [1, 1, 1, 1, 1, 1]
-----------------------------------------------
T4728
Fieldsize: 7
Locators: [1, 2, 3, 4, 5, 6]
Multipliers: [1, 1, 1, 1, 1, 1]
-----------------------------------------------
V5928
Fieldsize: 7
Locators: [1, 2, 3, 4, 5, 6]
Multipliers: [1, 1, 1, 1, 1, 1]
-----------------------------------------------
U2909
Fieldsize: 7
Locators: [1, 2, 3, 4, 5, 6]
Multipliers: [1, 1, 1, 1, 1, 1]
-----------------------------------------------
Y3921
Fieldsize: 7
Locators: [1, 2, 3, 4, 5, 6]
Multipliers: [1, 1, 1, 1, 1, 1]
-----------------------------------------------
T2278
Fieldsize: 7
Locators: [1, 2, 3, 4, 5, 6]
Multipliers: [1, 1, 1, 1, 1, 1]
-----------------------------------------------
W8850
Fieldsize: 7
Locators: [1, 2, 3, 4, 5, 6]
Multipliers: [1, 1, 1, 1, 1, 1]
-----------------------------------------------
Y4141
Fieldsize: 7
Locators: [1, 2, 3, 4, 5, 6]
Multipliers: [1, 1, 1, 1, 1, 1]
-----------------------------------------------
B3357
Fieldsize: 7
Locators: [1, 2, 3, 4, 5, 6]
Multipliers: [1, 1, 1, 1, 1, 1]
-----------------------------------------------
I5473
Fieldsize: 7
Locators: [1, 2, 3, 4, 5, 6]
Multipliers: [1, 1, 1, 1, 1, 1]
-----------------------------------------------
N5443
Fieldsize: 7
Locators: [1, 2, 3, 4, 5, 6]
Multipliers: [1, 1, 1, 1, 1, 1]
-----------------------------------------------
H1263
Fieldsize: 7
Locators: [1, 2, 3, 4, 5, 6]
Multipliers: [1, 1, 1, 1, 1, 1]
-----------------------------------------------
E3248
Fieldsize: 7
Locators: [1, 2, 3, 4, 5, 6]
Multipliers: [1, 1, 1, 1, 1, 1]
-----------------------------------------------
A7612
Fieldsize: 7
Locators: [1, 2, 3, 4, 5, 6]
Multipliers: [1, 1, 1, 1, 1, 1]
-----------------------------------------------
Q1573
Fieldsize: 7
Locators: [1, 2, 3, 4, 5, 6]
Multipliers: [1, 1, 1, 1, 1, 1]
-----------------------------------------------
P2405
Fieldsize: 7
Locators: [1, 2, 3, 4, 5, 6]
Multipliers: [1, 1, 1, 1, 1, 1]
-----------------------------------------------
N7580
Fieldsize: 7
Locators: [1, 2, 3, 4, 5, 6]
Multipliers: [1, 1, 1, 1, 1, 1]
-----------------------------------------------
B8771
Fieldsize: 7
Locators: [1, 2, 3, 4, 5, 6]
Multipliers: [1, 1, 1, 1, 1, 1]
-----------------------------------------------
Z2798
Fieldsize: 7
Locators: [1, 2, 3, 4, 5, 6]
Multipliers: [1, 1, 1, 1, 1, 1]
-----------------------------------------------
L2389
Fieldsize: 7
Locators: [1, 2, 3, 4, 5, 6]
Multipliers: [1, 1, 1, 1, 1, 1]
-----------------------------------------------
Q4722
Fieldsize: 7
Locators: [1, 2, 3, 4, 5, 6]
Multipliers: [1, 1, 1, 1, 1, 1]
-----------------------------------------------
H6251
Fieldsize: 7
Locators: [1, 2, 3, 4, 5, 6]
Multipliers: [1, 1, 1, 1, 1, 1]
-----------------------------------------------
Q8379
Fieldsize: 7
Locators: [1, 2, 3, 4, 5, 6]
Multipliers: [1, 1, 1, 1, 1, 1]
-----------------------------------------------
Q7111
Fieldsize: 7
Locators: [1, 2, 3, 4, 5, 6]
Multipliers: [1, 1, 1, 1, 1, 1]
-----------------------------------------------
D7755
Fieldsize: 7
Locators: [1, 2, 3, 4, 5, 6]
Multipliers: [1, 1, 1, 1, 1, 1]
-----------------------------------------------
U1388
Fieldsize: 7
Locators: [1, 2, 3, 4, 5, 6]
Multipliers: [1, 1, 1, 1, 1, 1]
-----------------------------------------------
V3153
Fieldsize: 7
Locators: [1, 2, 3, 4, 5, 6]
Multipliers: [1, 1, 1, 1, 1, 1]
-----------------------------------------------
Q1601
Fieldsize: 7
Locators: [1, 2, 3, 4, 5, 6]
Multipliers: [1, 1, 1, 1, 1, 1]
-----------------------------------------------
A3318
Fieldsize: 7
Locators: [1, 2, 3, 4, 5, 6]
Multipliers: [1, 1, 1, 1, 1, 1]
-----------------------------------------------
A8722
Fieldsize: 7
Locators: [1, 2, 3, 4, 5, 6]
Multipliers: [1, 1, 1, 1, 1, 1]
-----------------------------------------------
P4651
Fieldsize: 7
Locators: [1, 2, 3, 4, 5, 6]
Multipliers: [1, 1, 1, 1, 1, 1]
-----------------------------------------------
X6922
Fieldsize: 7
Locators: [1, 2, 3, 4, 5, 6]
Multipliers: [1, 1, 1, 1, 1, 1]
-----------------------------------------------
R7358
Fieldsize: 7
Locators: [1, 2, 3, 4, 5, 6]
Multipliers: [1, 1, 1, 1, 1, 1]
-----------------------------------------------
K6651
Fieldsize: 7
Locators: [1, 2, 3, 4, 5, 6]
Multipliers: [1, 1, 1, 1, 1, 1]
-----------------------------------------------
I1016
Fieldsize: 7
Locators: [1, 2, 3, 4, 5, 6]
Multipliers: [1, 1, 1, 1, 1, 1]
-----------------------------------------------
P6640
Fieldsize: 7
Locators: [1, 2, 3, 4, 5, 6]
Multipliers: [1, 1, 1, 1, 1, 1]
-----------------------------------------------
S7402
Fieldsize: 7
Locators: [1, 2, 3, 4, 5, 6]
Multipliers: [1, 1, 1, 1, 1, 1]
-----------------------------------------------
N5964
Fieldsize: 7
Locators: [1, 2, 3, 4, 5, 6]
Multipliers: [1, 1, 1, 1, 1, 1]
-----------------------------------------------
X6320
Fieldsize: 7
Locators: [1, 2, 3, 4, 5, 6]
Multipliers: [1, 1, 1, 1, 1, 1]
-----------------------------------------------
A1498
Fieldsize: 7
Locators: [1, 2, 3, 4, 5, 6]
Multipliers: [1, 1, 1, 1, 1, 1]
-----------------------------------------------
Z7433
Fieldsize: 7
Locators: [1, 2, 3, 4, 5, 6]
Multipliers: [1, 1, 1, 1, 1, 1]
-----------------------------------------------
S7814
Fieldsize: 7
Locators: [1, 2, 3, 4, 5, 6]
Multipliers: [1, 1, 1, 1, 1, 1]
-----------------------------------------------
R6339
Fieldsize: 7
Locators: [1, 2, 3, 4, 5, 6]
Multipliers: [1, 1, 1, 1, 1, 1]
-----------------------------------------------
K5129
Fieldsize: 7
Locators: [1, 2, 3, 4, 5, 6]
Multipliers: [1, 1, 1, 1, 1, 1]
-----------------------------------------------
S2667
Fieldsize: 7
Locators: [1, 2, 3, 4, 5, 6]
Multipliers: [1, 1, 1, 1, 1, 1]
-----------------------------------------------
G1659
Fieldsize: 7
Locators: [1, 2, 3, 4, 5, 6]
Multipliers: [1, 1, 1, 1, 1, 1]
-----------------------------------------------
D1240
Fieldsize: 7
Locators: [1, 2, 3, 4, 5, 6]
Multipliers: [1, 1, 1, 1, 1, 1]
-----------------------------------------------
V7857
Fieldsize: 7
Locators: [1, 2, 3, 4, 5, 6]
Multipliers: [1, 1, 1, 1, 1, 1]
-----------------------------------------------
Y8137
Fieldsize: 7
Locators: [1, 2, 3, 4, 5, 6]
Multipliers: [1, 1, 1, 1, 1, 1]
-----------------------------------------------
M2253
Fieldsize: 7
Locators: [1, 2, 3, 4, 5, 6]
Multipliers: [1, 1, 1, 1, 1, 1]
-----------------------------------------------
A1966
Fieldsize: 7
Locators: [1, 2, 3, 4, 5, 6]
Multipliers: [1, 1, 1, 1, 1, 1]
-----------------------------------------------
Y1263
Fieldsize: 7
Locators: [1, 2, 3, 4, 5, 6]
Multipliers: [1, 1, 1, 1, 1, 1]
-----------------------------------------------
E3185
Fieldsize: 7
Locators: [1, 2, 3, 4, 5, 6]
Multipliers: [1, 1, 1, 1, 1, 1]
-----------------------------------------------
D5780
Fieldsize: 7
Locators: [1, 2, 3, 4, 5, 6]
Multipliers: [1, 1, 1, 1, 1, 1]
-----------------------------------------------
Z6447
Fieldsize: 7
Locators: [1, 2, 3, 4, 5, 6]
Multipliers: [1, 1, 1, 1, 1, 1]
-----------------------------------------------
Z2332
Fieldsize: 7
Locators: [1, 2, 3, 4, 5, 6]
Multipliers: [1, 1, 1, 1, 1, 1]
-----------------------------------------------
D4606
Fieldsize: 7
Locators: [1, 2, 3, 4, 5, 6]
Multipliers: [1, 1, 1, 1, 1, 1]
-----------------------------------------------
D7536
Fieldsize: 7
Locators: [1, 2, 3, 4, 5, 6]
Multipliers: [1, 1, 1, 1, 1, 1]
-----------------------------------------------
H5885
Fieldsize: 7
Locators: [1, 2, 3, 4, 5, 6]
Multipliers: [1, 1, 1, 1, 1, 1]
-----------------------------------------------
B4023
Fieldsize: 7
Locators: [1, 2, 3, 4, 5, 6]
Multipliers: [1, 1, 1, 1, 1, 1]
-----------------------------------------------
Z7638
Fieldsize: 7
Locators: [1, 2, 3, 4, 5, 6]
Multipliers: [1, 1, 1, 1, 1, 1]
-----------------------------------------------
A2591
Fieldsize: 7
Locators: [1, 2, 3, 4, 5, 6]
Multipliers: [1, 1, 1, 1, 1, 1]
-----------------------------------------------
J5219
Fieldsize: 7
Locators: [1, 2, 3, 4, 5, 6]
Multipliers: [1, 1, 1, 1, 1, 1]
-----------------------------------------------
Y8668
Fieldsize: 7
Locators: [1, 2, 3, 4, 5, 6]
Multipliers: [1, 1, 1, 1, 1, 1]
-----------------------------------------------
F7787
Fieldsize: 7
Locators: [1, 2, 3, 4, 5, 6]
Multipliers: [1, 1, 1, 1, 1, 1]
-----------------------------------------------
Z3951
Fieldsize: 7
Locators: [1, 2, 3, 4, 5, 6]
Multipliers: [1, 1, 1, 1, 1, 1]
-----------------------------------------------
D1789
Fieldsize: 7
Locators: [1, 2, 3, 4, 5, 6]
Multipliers: [1, 1, 1, 1, 1, 1]
-----------------------------------------------
H2664
Fieldsize: 7
Locators: [1, 2, 3, 4, 5, 6]
Multipliers: [1, 1, 1, 1, 1, 1]
-----------------------------------------------
K6800
Fieldsize: 7
Locators: [1, 2, 3, 4, 5, 6]
Multipliers: [1, 1, 1, 1, 1, 1]
-----------------------------------------------
Z4459
Fieldsize: 7
Locators: [1, 2, 3, 4, 5, 6]
Multipliers: [1, 1, 1, 1, 1, 1]
-----------------------------------------------
C5376
Fieldsize: 7
Locators: [1, 2, 3, 4, 5, 6]
Multipliers: [1, 1, 1, 1, 1, 1]
-----------------------------------------------
S3282
Fieldsize: 7
Locators: [1, 2, 3, 4, 5, 6]
Multipliers: [1, 1, 1, 1, 1, 1]
-----------------------------------------------
N2293
Fieldsize: 11
Locators: [1, 2, 3, 4, 5, 6, 7, 8, 9, 10]
Multipliers: [1, 1, 1, 1, 1, 1, 1, 1, 1, 1, 1]
-----------------------------------------------
M1080
Fieldsize: 11
Locators: [1, 2, 3, 4, 5, 6, 7, 8, 9, 10]
Multipliers: [1, 1, 1, 1, 1, 1, 1, 1, 1, 1, 1]
-----------------------------------------------
R7690
Fieldsize: 11
Locators: [1, 2, 3, 4, 5, 6, 7, 8, 9, 10]
Multipliers: [1, 1, 1, 1, 1, 1, 1, 1, 1, 1, 1]
-----------------------------------------------
L4367
Fieldsize: 11
Locators: [1, 2, 3, 4, 5, 6, 7, 8, 9, 10]
Multipliers: [1, 1, 1, 1, 1, 1, 1, 1, 1, 1, 1]
-----------------------------------------------
I7164
Fieldsize: 11
Locators: [1, 2, 3, 4, 5, 6, 7, 8, 9, 10]
Multipliers: [1, 1, 1, 1, 1, 1, 1, 1, 1, 1, 1]
-----------------------------------------------
K1091
Fieldsize: 11
Locators: [1, 2, 3, 4, 5, 6, 7, 8, 9, 10]
Multipliers: [1, 1, 1, 1, 1, 1, 1, 1, 1, 1, 1]
-----------------------------------------------
M4607
Fieldsize: 11
Locators: [1, 2, 3, 4, 5, 6, 7, 8, 9, 10]
Multipliers: [1, 1, 1, 1, 1, 1, 1, 1, 1, 1, 1]
-----------------------------------------------
J8227
Fieldsize: 11
Locators: [1, 2, 3, 4, 5, 6, 7, 8, 9, 10]
Multipliers: [1, 1, 1, 1, 1, 1, 1, 1, 1, 1, 1]
-----------------------------------------------
U5862
Fieldsize: 11
Locators: [1, 2, 3, 4, 5, 6, 7, 8, 9, 10]
Multipliers: [1, 1, 1, 1, 1, 1, 1, 1, 1, 1, 1]
-----------------------------------------------
A6146
Fieldsize: 11
Locators: [1, 2, 3, 4, 5, 6, 7, 8, 9, 10]
Multipliers: [1, 1, 1, 1, 1, 1, 1, 1, 1, 1, 1]
-----------------------------------------------
T4552
Fieldsize: 11
Locators: [1, 2, 3, 4, 5, 6, 7, 8, 9, 10]
Multipliers: [1, 1, 1, 1, 1, 1, 1, 1, 1, 1, 1]
-----------------------------------------------
F5478
Fieldsize: 11
Locators: [1, 2, 3, 4, 5, 6, 7, 8, 9, 10]
Multipliers: [1, 1, 1, 1, 1, 1, 1, 1, 1, 1, 1]
-----------------------------------------------
B5780
Fieldsize: 11
Locators: [1, 2, 3, 4, 5, 6, 7, 8, 9, 10]
Multipliers: [1, 1, 1, 1, 1, 1, 1, 1, 1, 1, 1]
-----------------------------------------------
R8225
Fieldsize: 11
Locators: [1, 2, 3, 4, 5, 6, 7, 8, 9, 10]
Multipliers: [1, 1, 1, 1, 1, 1, 1, 1, 1, 1, 1]
-----------------------------------------------
E4888
Fieldsize: 11
Locators: [1, 2, 3, 4, 5, 6, 7, 8, 9, 10]
Multipliers: [1, 1, 1, 1, 1, 1, 1, 1, 1, 1, 1]
-----------------------------------------------
K1159
Fieldsize: 11
Locators: [1, 2, 3, 4, 5, 6, 7, 8, 9, 10]
Multipliers: [1, 1, 1, 1, 1, 1, 1, 1, 1, 1, 1]
-----------------------------------------------
Y7491
Fieldsize: 11
Locators: [1, 2, 3, 4, 5, 6, 7, 8, 9, 10]
Multipliers: [1, 1, 1, 1, 1, 1, 1, 1, 1, 1, 1]
-----------------------------------------------
L8897
Fieldsize: 11
Locators: [1, 2, 3, 4, 5, 6, 7, 8, 9, 10]
Multipliers: [1, 1, 1, 1, 1, 1, 1, 1, 1, 1, 1]
-----------------------------------------------
F3019
Fieldsize: 11
Locators: [1, 2, 3, 4, 5, 6, 7, 8, 9, 10]
Multipliers: [1, 1, 1, 1, 1, 1, 1, 1, 1, 1, 1]
-----------------------------------------------
N1023
Fieldsize: 11
Locators: [1, 2, 3, 4, 5, 6, 7, 8, 9, 10]
Multipliers: [1, 1, 1, 1, 1, 1, 1, 1, 1, 1, 1]
-----------------------------------------------
T2782
Fieldsize: 11
Locators: [1, 2, 3, 4, 5, 6, 7, 8, 9, 10]
Multipliers: [1, 1, 1, 1, 1, 1, 1, 1, 1, 1, 1]
-----------------------------------------------
T6119
Fieldsize: 11
Locators: [1, 2, 3, 4, 5, 6, 7, 8, 9, 10]
Multipliers: [1, 1, 1, 1, 1, 1, 1, 1, 1, 1, 1]
-----------------------------------------------
W3036
Fieldsize: 11
Locators: [1, 2, 3, 4, 5, 6, 7, 8, 9, 10]
Multipliers: [1, 1, 1, 1, 1, 1, 1, 1, 1, 1, 1]
-----------------------------------------------
D8177
Fieldsize: 11
Locators: [1, 2, 3, 4, 5, 6, 7, 8, 9, 10]
Multipliers: [1, 1, 1, 1, 1, 1, 1, 1, 1, 1, 1]
-----------------------------------------------
D7353
Fieldsize: 11
Locators: [1, 2, 3, 4, 5, 6, 7, 8, 9, 10]
Multipliers: [1, 1, 1, 1, 1, 1, 1, 1, 1, 1, 1]
-----------------------------------------------
N7332
Fieldsize: 11
Locators: [1, 2, 3, 4, 5, 6, 7, 8, 9, 10]
Multipliers: [1, 1, 1, 1, 1, 1, 1, 1, 1, 1, 1]
-----------------------------------------------
E6938
Fieldsize: 11
Locators: [1, 2, 3, 4, 5, 6, 7, 8, 9, 10]
Multipliers: [1, 1, 1, 1, 1, 1, 1, 1, 1, 1, 1]
-----------------------------------------------
O5108
Fieldsize: 11
Locators: [1, 2, 3, 4, 5, 6, 7, 8, 9, 10]
Multipliers: [1, 1, 1, 1, 1, 1, 1, 1, 1, 1, 1]
-----------------------------------------------
C5927
Fieldsize: 11
Locators: [1, 2, 3, 4, 5, 6, 7, 8, 9, 10]
Multipliers: [1, 1, 1, 1, 1, 1, 1, 1, 1, 1, 1]
-----------------------------------------------
Y7411
Fieldsize: 11
Locators: [1, 2, 3, 4, 5, 6, 7, 8, 9, 10]
Multipliers: [1, 1, 1, 1, 1, 1, 1, 1, 1, 1, 1]
-----------------------------------------------
A4159
Fieldsize: 11
Locators: [1, 2, 3, 4, 5, 6, 7, 8, 9, 10]
Multipliers: [1, 1, 1, 1, 1, 1, 1, 1, 1, 1, 1]
-----------------------------------------------
Z5227
Fieldsize: 11
Locators: [1, 2, 3, 4, 5, 6, 7, 8, 9, 10]
Multipliers: [1, 1, 1, 1, 1, 1, 1, 1, 1, 1, 1]
-----------------------------------------------
S6859
Fieldsize: 11
Locators: [1, 2, 3, 4, 5, 6, 7, 8, 9, 10]
Multipliers: [1, 1, 1, 1, 1, 1, 1, 1, 1, 1, 1]
-----------------------------------------------
B6596
Fieldsize: 11
Locators: [1, 2, 3, 4, 5, 6, 7, 8, 9, 10]
Multipliers: [1, 1, 1, 1, 1, 1, 1, 1, 1, 1, 1]
-----------------------------------------------
I1194
Fieldsize: 11
Locators: [1, 2, 3, 4, 5, 6, 7, 8, 9, 10]
Multipliers: [1, 1, 1, 1, 1, 1, 1, 1, 1, 1, 1]
-----------------------------------------------
K8623
Fieldsize: 11
Locators: [1, 2, 3, 4, 5, 6, 7, 8, 9, 10]
Multipliers: [1, 1, 1, 1, 1, 1, 1, 1, 1, 1, 1]
-----------------------------------------------
N2409
Fieldsize: 11
Locators: [1, 2, 3, 4, 5, 6, 7, 8, 9, 10]
Multipliers: [1, 1, 1, 1, 1, 1, 1, 1, 1, 1, 1]
-----------------------------------------------
U1895
Fieldsize: 11
Locators: [1, 2, 3, 4, 5, 6, 7, 8, 9, 10]
Multipliers: [1, 1, 1, 1, 1, 1, 1, 1, 1, 1, 1]
-----------------------------------------------
H2576
Fieldsize: 11
Locators: [1, 2, 3, 4, 5, 6, 7, 8, 9, 10]
Multipliers: [1, 1, 1, 1, 1, 1, 1, 1, 1, 1, 1]
-----------------------------------------------
F3156
Fieldsize: 11
Locators: [1, 2, 3, 4, 5, 6, 7, 8, 9, 10]
Multipliers: [1, 1, 1, 1, 1, 1, 1, 1, 1, 1, 1]
-----------------------------------------------
O8599
Fieldsize: 11
Locators: [1, 2, 3, 4, 5, 6, 7, 8, 9, 10]
Multipliers: [1, 1, 1, 1, 1, 1, 1, 1, 1, 1, 1]
-----------------------------------------------
S6691
Fieldsize: 11
Locators: [1, 2, 3, 4, 5, 6, 7, 8, 9, 10]
Multipliers: [1, 1, 1, 1, 1, 1, 1, 1, 1, 1, 1]
-----------------------------------------------
W2785
Fieldsize: 11
Locators: [1, 2, 3, 4, 5, 6, 7, 8, 9, 10]
Multipliers: [1, 1, 1, 1, 1, 1, 1, 1, 1, 1, 1]
-----------------------------------------------
Q5452
Fieldsize: 11
Locators: [1, 2, 3, 4, 5, 6, 7, 8, 9, 10]
Multipliers: [1, 1, 1, 1, 1, 1, 1, 1, 1, 1, 1]
-----------------------------------------------
H3711
Fieldsize: 11
Locators: [1, 2, 3, 4, 5, 6, 7, 8, 9, 10]
Multipliers: [1, 1, 1, 1, 1, 1, 1, 1, 1, 1, 1]
-----------------------------------------------
M8788
Fieldsize: 11
Locators: [1, 2, 3, 4, 5, 6, 7, 8, 9, 10]
Multipliers: [1, 1, 1, 1, 1, 1, 1, 1, 1, 1, 1]
-----------------------------------------------
Z3257
Fieldsize: 11
Locators: [1, 2, 3, 4, 5, 6, 7, 8, 9, 10]
Multipliers: [1, 1, 1, 1, 1, 1, 1, 1, 1, 1, 1]
-----------------------------------------------
Y8086
Fieldsize: 11
Locators: [1, 2, 3, 4, 5, 6, 7, 8, 9, 10]
Multipliers: [1, 1, 1, 1, 1, 1, 1, 1, 1, 1, 1]
-----------------------------------------------
U1908
Fieldsize: 11
Locators: [1, 2, 3, 4, 5, 6, 7, 8, 9, 10]
Multipliers: [1, 1, 1, 1, 1, 1, 1, 1, 1, 1, 1]
-----------------------------------------------
D1030
Fieldsize: 11
Locators: [1, 2, 3, 4, 5, 6, 7, 8, 9, 10]
Multipliers: [1, 1, 1, 1, 1, 1, 1, 1, 1, 1, 1]
-----------------------------------------------
V4135
Fieldsize: 11
Locators: [1, 2, 3, 4, 5, 6, 7, 8, 9, 10]
Multipliers: [1, 1, 1, 1, 1, 1, 1, 1, 1, 1, 1]
-----------------------------------------------
P8590
Fieldsize: 11
Locators: [1, 2, 3, 4, 5, 6, 7, 8, 9, 10]
Multipliers: [1, 1, 1, 1, 1, 1, 1, 1, 1, 1, 1]
-----------------------------------------------
V6474
Fieldsize: 7
Locators: [1, 2, 3, 4, 5, 6, 7, 8, 9, 10]
Multipliers: [1, 1, 1, 1, 1, 1, 1, 1, 1, 1, 1]
-----------------------------------------------
L1388
Fieldsize: 7
Locators: [1, 2, 3, 4, 5, 6, 7, 8, 9, 10]
Multipliers: [1, 1, 1, 1, 1, 1, 1, 1, 1, 1, 1]
-----------------------------------------------
A4102
Fieldsize: 7
Locators: [1, 2, 3, 4, 5, 6, 7, 8, 9, 10]
Multipliers: [1, 1, 1, 1, 1, 1, 1, 1, 1, 1, 1]
-----------------------------------------------
H2280
Fieldsize: 7
Locators: [1, 2, 3, 4, 5, 6, 7, 8, 9, 10]
Multipliers: [1, 1, 1, 1, 1, 1, 1, 1, 1, 1, 1]
-----------------------------------------------
E5064
Fieldsize: 7
Locators: [1, 2, 3, 4, 5, 6, 7, 8, 9, 10]
Multipliers: [1, 1, 1, 1, 1, 1, 1, 1, 1, 1, 1]
-----------------------------------------------
T5201
Fieldsize: 7
Locators: [1, 2, 3, 4, 5, 6, 7, 8, 9, 10]
Multipliers: [1, 1, 1, 1, 1, 1, 1, 1, 1, 1, 1]
-----------------------------------------------
U5471
Fieldsize: 7
Locators: [1, 2, 3, 4, 5, 6, 7, 8, 9, 10]
Multipliers: [1, 1, 1, 1, 1, 1, 1, 1, 1, 1, 1]
-----------------------------------------------
C7836
Fieldsize: 7
Locators: [1, 2, 3, 4, 5, 6, 7, 8, 9, 10]
Multipliers: [1, 1, 1, 1, 1, 1, 1, 1, 1, 1, 1]
-----------------------------------------------
N2953
Fieldsize: 7
Locators: [1, 2, 3, 4, 5, 6, 7, 8, 9, 10]
Multipliers: [1, 1, 1, 1, 1, 1, 1, 1, 1, 1, 1]
-----------------------------------------------
A4034
Fieldsize: 7
Locators: [1, 2, 3, 4, 5, 6, 7, 8, 9, 10]
Multipliers: [1, 1, 1, 1, 1, 1, 1, 1, 1, 1, 1]
-----------------------------------------------
Y3837
Fieldsize: 13
Locators: [1, 2, 3, 4, 5, 6, 7, 8, 9, 10, 11, 12]
Multipliers: [1, 1, 1, 1, 1, 1, 1, 1, 1, 1, 1, 1, 1]
-----------------------------------------------
K6287
Fieldsize: 13
Locators: [1, 2, 3, 4, 5, 6, 7, 8, 9, 10, 11, 12]
Multipliers: [1, 1, 1, 1, 1, 1, 1, 1, 1, 1, 1, 1, 1]
-----------------------------------------------
Y7091
Fieldsize: 13
Locators: [1, 2, 3, 4, 5, 6, 7, 8, 9, 10, 11, 12]
Multipliers: [1, 1, 1, 1, 1, 1, 1, 1, 1, 1, 1, 1, 1]
-----------------------------------------------
F2568
Fieldsize: 13
Locators: [1, 2, 3, 4, 5, 6, 7, 8, 9, 10, 11, 12]
Multipliers: [1, 1, 1, 1, 1, 1, 1, 1, 1, 1, 1, 1, 1]
-----------------------------------------------
P3858
Fieldsize: 13
Locators: [1, 2, 3, 4, 5, 6, 7, 8, 9, 10, 11, 12]
Multipliers: [1, 1, 1, 1, 1, 1, 1, 1, 1, 1, 1, 1, 1]
-----------------------------------------------
U5591
Fieldsize: 13
Locators: [1, 2, 3, 4, 5, 6, 7, 8, 9, 10, 11, 12]
Multipliers: [1, 1, 1, 1, 1, 1, 1, 1, 1, 1, 1, 1, 1]
-----------------------------------------------
Z6195
Fieldsize: 13
Locators: [1, 2, 3, 4, 5, 6, 7, 8, 9, 10, 11, 12]
Multipliers: [1, 1, 1, 1, 1, 1, 1, 1, 1, 1, 1, 1, 1]
-----------------------------------------------
F3147
Fieldsize: 13
Locators: [1, 2, 3, 4, 5, 6, 7, 8, 9, 10, 11, 12]
Multipliers: [1, 1, 1, 1, 1, 1, 1, 1, 1, 1, 1, 1, 1]
-----------------------------------------------
D6766
Fieldsize: 13
Locators: [1, 2, 3, 4, 5, 6, 7, 8, 9, 10, 11, 12]
Multipliers: [1, 1, 1, 1, 1, 1, 1, 1, 1, 1, 1, 1, 1]
-----------------------------------------------
N4581
Fieldsize: 13
Locators: [1, 2, 3, 4, 5, 6, 7, 8, 9, 10, 11, 12]
Multipliers: [1, 1, 1, 1, 1, 1, 1, 1, 1, 1, 1, 1, 1]
-----------------------------------------------
A7057
Fieldsize: 13
Locators: [1, 2, 3, 4, 5, 6, 7, 8, 9, 10, 11, 12]
Multipliers: [1, 1, 1, 1, 1, 1, 1, 1, 1, 1, 1, 1, 1]
-----------------------------------------------
U7535
Fieldsize: 13
Locators: [1, 2, 3, 4, 5, 6, 7, 8, 9, 10, 11, 12]
Multipliers: [1, 1, 1, 1, 1, 1, 1, 1, 1, 1, 1, 1, 1]
-----------------------------------------------
X7300
Fieldsize: 13
Locators: [1, 2, 3, 4, 5, 6, 7, 8, 9, 10, 11, 12]
Multipliers: [1, 1, 1, 1, 1, 1, 1, 1, 1, 1, 1, 1, 1]
-----------------------------------------------
A5714
Fieldsize: 13
Locators: [1, 2, 3, 4, 5, 6, 7, 8, 9, 10, 11, 12]
Multipliers: [1, 1, 1, 1, 1, 1, 1, 1, 1, 1, 1, 1, 1]
-----------------------------------------------
Q4079
Fieldsize: 13
Locators: [1, 2, 3, 4, 5, 6, 7, 8, 9, 10, 11, 12]
Multipliers: [1, 1, 1, 1, 1, 1, 1, 1, 1, 1, 1, 1, 1]
-----------------------------------------------
D8179
Fieldsize: 13
Locators: [1, 2, 3, 4, 5, 6, 7, 8, 9, 10, 11, 12]
Multipliers: [1, 1, 1, 1, 1, 1, 1, 1, 1, 1, 1, 1, 1]
-----------------------------------------------
G7289
Fieldsize: 13
Locators: [1, 2, 3, 4, 5, 6, 7, 8, 9, 10, 11, 12]
Multipliers: [1, 1, 1, 1, 1, 1, 1, 1, 1, 1, 1, 1, 1]
-----------------------------------------------
Y1157
Fieldsize: 13
Locators: [1, 2, 3, 4, 5, 6, 7, 8, 9, 10, 11, 12]
Multipliers: [1, 1, 1, 1, 1, 1, 1, 1, 1, 1, 1, 1, 1]
-----------------------------------------------
H5733
Fieldsize: 13
Locators: [1, 2, 3, 4, 5, 6, 7, 8, 9, 10, 11, 12]
Multipliers: [1, 1, 1, 1, 1, 1, 1, 1, 1, 1, 1, 1, 1]
-----------------------------------------------
O4385
Fieldsize: 13
Locators: [1, 2, 3, 4, 5, 6, 7, 8, 9, 10, 11, 12]
Multipliers: [1, 1, 1, 1, 1, 1, 1, 1, 1, 1, 1, 1, 1]
-----------------------------------------------
D1780
Fieldsize: 13
Locators: [1, 2, 3, 4, 5, 6, 7, 8, 9, 10, 11, 12]
Multipliers: [1, 1, 1, 1, 1, 1, 1, 1, 1, 1, 1, 1, 1]
-----------------------------------------------
S7256
Fieldsize: 13
Locators: [1, 2, 3, 4, 5, 6, 7, 8, 9, 10, 11, 12]
Multipliers: [1, 1, 1, 1, 1, 1, 1, 1, 1, 1, 1, 1, 1]
-----------------------------------------------
R7586
Fieldsize: 13
Locators: [1, 2, 3, 4, 5, 6, 7, 8, 9, 10, 11, 12]
Multipliers: [1, 1, 1, 1, 1, 1, 1, 1, 1, 1, 1, 1, 1]
-----------------------------------------------
D8078
Fieldsize: 13
Locators: [1, 2, 3, 4, 5, 6, 7, 8, 9, 10, 11, 12]
Multipliers: [1, 1, 1, 1, 1, 1, 1, 1, 1, 1, 1, 1, 1]
-----------------------------------------------
E7837
Fieldsize: 7
Locators: [1, 2, 3, 4, 5, 6, 7, 8, 9, 10]
Multipliers: [1, 1, 1, 1, 1, 1, 1, 1, 1, 1, 1]
-----------------------------------------------
N4628
Fieldsize: 7
Locators: [1, 2, 3, 4, 5, 6, 7, 8, 9, 10]
Multipliers: [1, 1, 1, 1, 1, 1, 1, 1, 1, 1, 1]
-----------------------------------------------
I5406
Fieldsize: 7
Locators: [1, 2, 3, 4, 5, 6, 7, 8, 9, 10]
Multipliers: [1, 1, 1, 1, 1, 1, 1, 1, 1, 1, 1]
-----------------------------------------------
G3111
Fieldsize: 7
Locators: [1, 2, 3, 4, 5, 6, 7, 8, 9, 10]
Multipliers: [1, 1, 1, 1, 1, 1, 1, 1, 1, 1, 1]
-----------------------------------------------
R5139
Fieldsize: 7
Locators: [1, 2, 3, 4, 5, 6, 7, 8, 9, 10]
Multipliers: [1, 1, 1, 1, 1, 1, 1, 1, 1, 1, 1]
-----------------------------------------------
K7206
Fieldsize: 11
Locators: [1, 2, 3, 4, 5, 6, 7, 8, 9, 10]
Multipliers: [1, 1, 1, 1, 1, 1, 1, 1, 1, 1, 1]
-----------------------------------------------
S1368
Fieldsize: 13
Locators: [1, 2, 3, 4, 5, 6, 7, 8, 9, 10]
Multipliers: [1, 1, 1, 1, 1, 1, 1, 1, 1, 1, 1]
-----------------------------------------------
F3426
Fieldsize: 13
Locators: [1, 2, 3, 4, 5, 6, 7, 8, 9, 10]
Multipliers: [1, 1, 1, 1, 1, 1, 1, 1, 1, 1, 1]
-----------------------------------------------
N8723
Fieldsize: 13
Locators: [1, 2, 3, 4, 5, 6, 7, 8, 9, 10]
Multipliers: [1, 1, 1, 1, 1, 1, 1, 1, 1, 1, 1]
-----------------------------------------------
L1743
Fieldsize: 13
Locators: [1, 2, 3, 4, 5, 6, 7, 8, 9, 10, 11, 12]
Multipliers: [1, 1, 1, 1, 1, 1, 1, 1, 1, 1, 1, 1, 1]
-----------------------------------------------
J5623
Fieldsize: 13
Locators: [1, 2, 3, 4, 5, 6, 7, 8, 9, 10, 11, 12]
Multipliers: [1, 1, 1, 1, 1, 1, 1, 1, 1, 1, 1, 1, 1]
-----------------------------------------------
H2124
Fieldsize: 13
Locators: [1, 2, 3, 4, 5, 6, 7, 8, 9, 10, 11, 12]
Multipliers: [1, 1, 1, 1, 1, 1, 1, 1, 1, 1, 1, 1, 1]
-----------------------------------------------
R6382
Fieldsize: 13
Locators: [1, 2, 3, 4, 5, 6, 7, 8, 9, 10, 11, 12]
Multipliers: [1, 1, 1, 1, 1, 1, 1, 1, 1, 1, 1, 1, 1]
-----------------------------------------------
V4396
Fieldsize: 17
Locators: [1, 2, 3, 4, 5, 6, 7, 8, 9, 10, 11, 12, 13, 14, 15, 16]
Multipliers: [1, 1, 1, 1, 1, 1, 1, 1, 1, 1, 1, 1, 1, 1, 1, 1]
-----------------------------------------------
P2499
Fieldsize: 17
Locators: [1, 2, 3, 4, 5, 6, 7, 8, 9, 10, 11, 12, 13, 14, 15, 16]
Multipliers: [1, 1, 1, 1, 1, 1, 1, 1, 1, 1, 1, 1, 1, 1, 1, 1]
-----------------------------------------------
F4891
Fieldsize: 17
Locators: [1, 2, 3, 4, 5, 6, 7, 8, 9, 10, 11, 12, 13, 14, 15, 16]
Multipliers: [1, 1, 1, 1, 1, 1, 1, 1, 1, 1, 1, 1, 1, 1, 1, 1]
-----------------------------------------------
B1622
Fieldsize: 17
Locators: [1, 2, 3, 4, 5, 6, 7, 8, 9, 10, 11, 12, 13, 14, 15, 16]
Multipliers: [1, 1, 1, 1, 1, 1, 1, 1, 1, 1, 1, 1, 1, 1, 1, 1]
-----------------------------------------------
M1448
Fieldsize: 17
Locators: [1, 2, 3, 4, 5, 6, 7, 8, 9, 10, 11, 12, 13, 14, 15, 16]
Multipliers: [1, 1, 1, 1, 1, 1, 1, 1, 1, 1, 1, 1, 1, 1, 1, 1]
-----------------------------------------------
S4574
Fieldsize: 17
Locators: [1, 2, 3, 4, 5, 6, 7, 8, 9, 10, 11, 12, 13, 14, 15, 16]
Multipliers: [1, 1, 1, 1, 1, 1, 1, 1, 1, 1, 1, 1, 1, 1, 1, 1]
-----------------------------------------------
S1698
Fieldsize: 17
Locators: [1, 2, 3, 4, 5, 6, 7, 8, 9, 10, 11, 12, 13, 14, 15, 16]
Multipliers: [1, 1, 1, 1, 1, 1, 1, 1, 1, 1, 1, 1, 1, 1, 1, 1]
-----------------------------------------------
H8938
Fieldsize: 17
Locators: [1, 2, 3, 4, 5, 6, 7, 8, 9, 10, 11, 12, 13, 14, 15, 16]
Multipliers: [1, 1, 1, 1, 1, 1, 1, 1, 1, 1, 1, 1, 1, 1, 1, 1]
-----------------------------------------------
C5738
Fieldsize: 17
Locators: [1, 2, 3, 4, 5, 6, 7, 8, 9, 10, 11, 12, 13, 14, 15, 16]
Multipliers: [1, 1, 1, 1, 1, 1, 1, 1, 1, 1, 1, 1, 1, 1, 1, 1]
-----------------------------------------------
D2156
Fieldsize: 17
Locators: [1, 2, 3, 4, 5, 6, 7, 8, 9, 10, 11, 12, 13, 14, 15, 16]
Multipliers: [1, 1, 1, 1, 1, 1, 1, 1, 1, 1, 1, 1, 1, 1, 1, 1]
-----------------------------------------------
F3722
Fieldsize: 17
Locators: [1, 2, 3, 4, 5, 6, 7, 8, 9, 10, 11, 12, 13, 14, 15, 16]
Multipliers: [1, 1, 1, 1, 1, 1, 1, 1, 1, 1, 1, 1, 1, 1, 1, 1]
-----------------------------------------------
L6991
Fieldsize: 17
Locators: [1, 2, 3, 4, 5, 6, 7, 8, 9, 10, 11, 12, 13, 14, 15, 16]
Multipliers: [1, 1, 1, 1, 1, 1, 1, 1, 1, 1, 1, 1, 1, 1, 1, 1]
-----------------------------------------------
L1656
Fieldsize: 17
Locators: [1, 2, 3, 4, 5, 6, 7, 8, 9, 10, 11, 12, 13, 14, 15, 16]
Multipliers: [1, 1, 1, 1, 1, 1, 1, 1, 1, 1, 1, 1, 1, 1, 1, 1]
-----------------------------------------------
P5318
Fieldsize: 17
Locators: [1, 2, 3, 4, 5, 6, 7, 8, 9, 10, 11, 12, 13, 14, 15, 16]
Multipliers: [1, 1, 1, 1, 1, 1, 1, 1, 1, 1, 1, 1, 1, 1, 1, 1]
-----------------------------------------------
C4885
Fieldsize: 17
Locators: [1, 2, 3, 4, 5, 6, 7, 8, 9, 10, 11, 12, 13, 14, 15, 16]
Multipliers: [1, 1, 1, 1, 1, 1, 1, 1, 1, 1, 1, 1, 1, 1, 1, 1]
-----------------------------------------------
Z1243
Fieldsize: 17
Locators: [1, 2, 3, 4, 5, 6, 7, 8, 9, 10, 11, 12, 13, 14, 15, 16]
Multipliers: [1, 1, 1, 1, 1, 1, 1, 1, 1, 1, 1, 1, 1, 1, 1, 1]
-----------------------------------------------
M7843
Fieldsize: 17
Locators: [1, 2, 3, 4, 5, 6, 7, 8, 9, 10, 11, 12, 13, 14, 15, 16]
Multipliers: [1, 1, 1, 1, 1, 1, 1, 1, 1, 1, 1, 1, 1, 1, 1, 1]
-----------------------------------------------
W6996
Fieldsize: 17
Locators: [1, 2, 3, 4, 5, 6, 7, 8, 9, 10, 11, 12, 13, 14, 15, 16]
Multipliers: [1, 1, 1, 1, 1, 1, 1, 1, 1, 1, 1, 1, 1, 1, 1, 1]
-----------------------------------------------
W3122
Fieldsize: 17
Locators: [1, 2, 3, 4, 5, 6, 7, 8, 9, 10, 11, 12, 13, 14, 15, 16]
Multipliers: [1, 1, 1, 1, 1, 1, 1, 1, 1, 1, 1, 1, 1, 1, 1, 1]
-----------------------------------------------
A1289
Fieldsize: 17
Locators: [1, 2, 3, 4, 5, 6, 7, 8, 9, 10, 11, 12, 13, 14, 15, 16]
Multipliers: [1, 1, 1, 1, 1, 1, 1, 1, 1, 1, 1, 1, 1, 1, 1, 1]
-----------------------------------------------
C8465
Fieldsize: 17
Locators: [1, 2, 3, 4, 5, 6, 7, 8, 9, 10, 11, 12, 13, 14, 15, 16]
Multipliers: [1, 1, 1, 1, 1, 1, 1, 1, 1, 1, 1, 1, 1, 1, 1, 1]
-----------------------------------------------
L8103
Fieldsize: 17
Locators: [1, 2, 3, 4, 5, 6, 7, 8, 9, 10, 11, 12, 13, 14, 15, 16]
Multipliers: [1, 1, 1, 1, 1, 1, 1, 1, 1, 1, 1, 1, 1, 1, 1, 1]
-----------------------------------------------
Q5790
Fieldsize: 17
Locators: [1, 2, 3, 4, 5, 6, 7, 8, 9, 10, 11, 12, 13, 14, 15, 16]
Multipliers: [1, 1, 1, 1, 1, 1, 1, 1, 1, 1, 1, 1, 1, 1, 1, 1]
-----------------------------------------------
A3738
Fieldsize: 17
Locators: [1, 2, 3, 4, 5, 6, 7, 8, 9, 10, 11, 12, 13, 14, 15, 16]
Multipliers: [1, 1, 1, 1, 1, 1, 1, 1, 1, 1, 1, 1, 1, 1, 1, 1]
-----------------------------------------------
Y1860
Fieldsize: 17
Locators: [1, 2, 3, 4, 5, 6, 7, 8, 9, 10, 11, 12, 13, 14, 15, 16]
Multipliers: [1, 1, 1, 1, 1, 1, 1, 1, 1, 1, 1, 1, 1, 1, 1, 1]
-----------------------------------------------
E5437
Fieldsize: 17
Locators: [1, 2, 3, 4, 5, 6, 7, 8, 9, 10, 11, 12, 13, 14, 15, 16]
Multipliers: [1, 1, 1, 1, 1, 1, 1, 1, 1, 1, 1, 1, 1, 1, 1, 1]
-----------------------------------------------
M2394
Fieldsize: 17
Locators: [1, 2, 3, 4, 5, 6, 7, 8, 9, 10, 11, 12, 13, 14, 15, 16]
Multipliers: [1, 1, 1, 1, 1, 1, 1, 1, 1, 1, 1, 1, 1, 1, 1, 1]
-----------------------------------------------
I3846
Fieldsize: 17
Locators: [1, 2, 3, 4, 5, 6, 7, 8, 9, 10, 11, 12, 13, 14, 15, 16]
Multipliers: [1, 1, 1, 1, 1, 1, 1, 1, 1, 1, 1, 1, 1, 1, 1, 1]
-----------------------------------------------
Z6531
Fieldsize: 17
Locators: [1, 2, 3, 4, 5, 6, 7, 8, 9, 10, 11, 12, 13, 14, 15, 16]
Multipliers: [1, 1, 1, 1, 1, 1, 1, 1, 1, 1, 1, 1, 1, 1, 1, 1]
-----------------------------------------------
H1876
Fieldsize: 17
Locators: [1, 2, 3, 4, 5, 6, 7, 8, 9, 10, 11, 12, 13, 14, 15, 16]
Multipliers: [1, 1, 1, 1, 1, 1, 1, 1, 1, 1, 1, 1, 1, 1, 1, 1]
-----------------------------------------------
S1009
Fieldsize: 17
Locators: [1, 2, 3, 4, 5, 6, 7, 8, 9, 10, 11, 12, 13, 14, 15, 16]
Multipliers: [1, 1, 1, 1, 1, 1, 1, 1, 1, 1, 1, 1, 1, 1, 1, 1]
-----------------------------------------------
O1650
Fieldsize: 17
Locators: [1, 2, 3, 4, 5, 6, 7, 8, 9, 10, 11, 12, 13, 14, 15, 16]
Multipliers: [1, 1, 1, 1, 1, 1, 1, 1, 1, 1, 1, 1, 1, 1, 1, 1]
-----------------------------------------------
F3266
Fieldsize: 17
Locators: [1, 2, 3, 4, 5, 6, 7, 8, 9, 10, 11, 12, 13, 14, 15, 16]
Multipliers: [1, 1, 1, 1, 1, 1, 1, 1, 1, 1, 1, 1, 1, 1, 1, 1]
-----------------------------------------------
W4936
Fieldsize: 17
Locators: [1, 2, 3, 4, 5, 6, 7, 8, 9, 10, 11, 12, 13, 14, 15, 16]
Multipliers: [1, 1, 1, 1, 1, 1, 1, 1, 1, 1, 1, 1, 1, 1, 1, 1]
-----------------------------------------------
A4278
Fieldsize: 17
Locators: [1, 2, 3, 4, 5, 6, 7, 8, 9, 10, 11, 12, 13, 14, 15, 16]
Multipliers: [1, 1, 1, 1, 1, 1, 1, 1, 1, 1, 1, 1, 1, 1, 1, 1]
-----------------------------------------------
